Run semi-empirical minimization
 &qmmm
    qm_theory='AM1', grms_tol=0.0005,
 scfconv=1.d-10, ndiis_attempts=700,   qmcharge=-1,
 /
   6     C        0.4120       -0.0060        2.4790 
   8     O       -0.4460        0.8360        2.3680 
   8    O1        0.8120       -0.4000        3.6980 
   6    C1        1.0320       -0.6160        1.2490 
   6    C2        0.4020        0.0020        0.0000 
   8    O2        0.6310        1.4120        0.0000 
   6    C3        1.0320       -0.6160       -1.2490 
   6    C4        0.4120       -0.0060       -2.4790 
   8    O3       -0.4460        0.8360       -2.3680 
   8    O4        0.8120       -0.4000       -3.6980 
   6    C5       -1.0800       -0.2650        0.0000 
   8    O5       -1.8600        0.6560        0.0000 
   8    O6       -1.5330       -1.5290        0.0000 
   1     H        0.4140       -0.0090        4.4880 
   1    H1        2.1050       -0.4220        1.2490 
   1    H2        0.8580       -1.6920        1.2490 
   1    H3        1.5900        1.5400        0.0000 
   1    H4        2.1050       -0.4220       -1.2490 
   1    H5        0.8580       -1.6920       -1.2490 
   1    H6        0.4140       -0.0090       -4.4880 

