Run semi-empirical minimization
 &qmmm
    qm_theory='AM1', grms_tol=0.0005,
 scfconv=1.d-10, ndiis_attempts=700,   qmcharge=0,
 /
   7    N1        0.0730       -0.8790       -1.5390 
   6    C1        0.0720       -0.1940       -0.2160 
   6    C2       -0.7120        1.1310       -0.3740 
   8    O1       -0.9650        1.7410        0.8920 
   6    C3       -0.6080       -1.1260        0.8230 
   8    O2       -1.9250       -1.4970        0.4080 
   6    C4        1.5170        0.0920        0.2730 
   8    O3        2.2300        0.9430       -0.6230 
   1    H1        0.7540       -1.6370       -1.5240 
   1    H2       -0.8370       -1.3390       -1.6410 
   1    H3       -1.6860        0.9580       -0.8480 
   1    H4       -0.1650        1.8440       -1.0010 
   1    H5       -1.2710        2.6460        0.7000 
   1    H6       -0.6710       -0.6650        1.8150 
   1    H7       -0.0360       -2.0550        0.9330 
   1    H8       -2.4920       -0.7230        0.5810 
   1    H9        2.0820       -0.8430        0.3650 
   1   H10        1.5050        0.5760        1.2560 
   1   H11        3.1350        1.0280       -0.2790 

