Run semi-empirical minimization
 &qmmm
    qm_theory='AM1', grms_tol=0.0005,
 scfconv=1.d-10, ndiis_attempts=700,   qmcharge=1,
 /
   6     C        1.0070       -0.0380        0.0100 
   6    C1        0.6290       -1.2880        0.8260 
   6    C2        0.5960        1.2610        0.7340 
   6    C3        0.4580       -0.0740       -1.4250 
   7     N        2.5180       -0.0190       -0.1080 
   8     O        1.2190       -2.4380        0.2150 
   8    O1        1.3300        1.3570        1.9560 
   8    O2        1.0100        1.0500       -2.1220 
   1     H        1.0090       -1.2300        1.8530 
   1    H1       -0.4580       -1.4190        0.8620 
   1    H2        0.8320        2.1500        0.1400 
   1    H3       -0.4770        1.2630        0.9540 
   1    H4        0.7630       -0.9810       -1.9620 
   1    H5       -0.6340       -0.0110       -1.4370 
   1    H6        2.9260        0.3260        0.7690 
   1    H7        2.8550       -0.9740       -0.2990 
   1    H8        2.7890        0.6000       -0.8870 
   1    H9        0.8700       -3.2260        0.6810 
   1   H10        0.9570        2.1120        2.4580 
   1   H11        0.2940        1.4550       -2.6510 

